 <pre>

 Contingency table for Cloud cover (octas)
 Selection: ALL    397 stations
Period: 20220322-20220407
Used {All hours} + 00 01 ... 09
 Limits   0.500000000       1.50000000       2.50000000       3.50000000       4.50000000       5.50000000       6.50000000       7.50000000    
 Each class is data <= limit, the very last > last limit
 Total number of values      744449
                                                       OBSERVATION
                                 151241    13856     9906     5622     3398     3735     3762     3829     5522 |    200871
                                   8667     2627     2733     2072     1473     1926     2158     2586     3804 |     28046
                                   5186     1504     1538     1343      988     1390     1878     1968     3089 |     18884
                                   4322     1312     1358     1307      881     1304     1675     2094     3109 |     17362
                    mnwc_preop     3571     1136     1283     1187      850     1206     1771     2274     3532 |     16810
                                   3479     1119     1261     1172      803     1359     2043     2637     4242 |     18115
                                   3820     1287     1446     1445      954     1613     2513     3729     5643 |     22450
                                   4983     1787     1958     1976     1466     2636     4119     6778    11601 |     37304
                                  15101     5643     5915     6801     5533    10960    19566    83744   231344 |    384607

                    SUM          200370    30271    27398    22925    16346    26129    39485   109639   271886 |    744449
                                                       OBSERVATION
                                 144770    11224     7661     4040     2150     2382     2294     2245     3162 |    179928
                                  12437     3356     2992     2135     1465     1779     1827     1927     2832 |     30750
                                   6546     1948     1917     1544     1150     1408     1593     1808     2775 |     20689
                                   5468     1635     1739     1380      996     1405     1560     1856     2956 |     18995
                     mnwc_prod     4337     1407     1485     1365      956     1430     1837     2289     3476 |     18582
                                   3937     1468     1531     1323     1027     1532     2211     2821     4194 |     20044
                                   4148     1538     1635     1618     1199     1929     2721     3828     5843 |     24459
                                   5233     1994     2261     2363     1729     3066     4818     7300    11900 |     40664
                                  13494     5701     6177     7157     5674    11198    20624    85565   234748 |    390338

                    SUM          200370    30271    27398    22925    16346    26129    39485   109639   271886 |    744449

