 <pre>

 Contingency table for Low clouds (octas)
 Selection: ALL    629 stations
Period: 20220322-20220407
Used {All hours} + 00 01 ... 09
 Limits    1.00000000       2.00000000       3.00000000       4.00000000       5.00000000       6.00000000       7.00000000    
 Each class is data <= limit, the very last > last limit
 Total number of values     1202685
                                              OBSERVATION
                                 441693    28743    22939    16759    15642    13955    23871    26154 |    589756
                                  17229     4327     4267     3317     3625     3503     6605     6662 |     49535
                                  11725     3410     3571     2765     2918     2877     5903     5905 |     39074
                    mnwc_preop     9206     2800     3037     2353     2655     2694     5693     5847 |     34285
                                   8284     2817     2945     2257     2609     2627     5733     6071 |     33343
                                   7610     2832     3023     2295     2788     3008     6465     6996 |     35017
                                   8751     3537     3753     2959     3614     3630     9189    10534 |     45967
                                  32147    17531    20198    16566    21289    25417    78758   163802 |    375708

                    SUM          536645    65997    63733    49271    55140    57711   142217   231971 |   1202685
                                              OBSERVATION
                                 413662    21464    16311    11355    10523     9157    15814    18033 |    516319
                                  24382     4901     4553     3494     3607     3321     6093     6326 |     56677
                                  17422     4137     3952     3216     3287     3028     5710     5770 |     46522
                     mnwc_prod    14087     3695     3734     2896     3151     3071     5949     5978 |     42561
                                  11984     3656     3838     2974     3221     3229     6419     6364 |     41685
                                  11268     4022     4043     3181     3569     3565     7694     8037 |     45379
                                  12900     5163     5436     4278     5020     5155    11632    12938 |     62522
                                  30940    18959    21866    17877    22762    27185    82906   168525 |    391020

                    SUM          536645    65997    63733    49271    55140    57711   142217   231971 |   1202685

