 <pre>

 Contingency table for Cloud base (m)
 Selection: ALL    643 stations
Period: 20220322-20220407
Used {All hours} + 00 01 ... 09
 Limits    70.0000000       150.000000       300.000000       600.000000       1000.00000       1500.00000       2500.00000       5000.00000    
 Each class is data <= limit, the very last > last limit
 Total number of values     1156105
                                                       OBSERVATION
                                   5816     5567     3697     1007      784      334      741      409     7297 |     25652
                                   2021     6797     6344     2288     1117      339      445      300     1229 |     20880
                                   2254     9791    23614    13870     3311     1124      716      725      973 |     56378
                                   1701     5783    31723    55633    20115     5523     2627     2407     2601 |    128113
                    mnwc_preop      784     1977     8540    24623    34798    14685     5138     3260     5109 |     98914
                                    476     1168     5026    10697    19808    26502     9475     3304     4653 |     81109
                                    357      988     4304     8594    12980    19029    24076     5544     5691 |     81563
                                    402      779     2422     6254    11087    12298    18409    21676     4671 |     77998
                                   2615     2234     7251    23922    53360    62719    68371    53107   311919 |    585498

                    SUM           16426    35084    92921   146888   157360   142553   129998    90732   344143 |   1156105
                                                       OBSERVATION
                                   5562     5088     3310      891      673      312      673      310     4079 |     20898
                                   1992     6357     5664     2016     1030      266      372      246      931 |     18874
                                   2156     9930    22521    12570     2890      954      600      481      768 |     52870
                                   1826     6466    34517    60985    22061     5558     2570     2547     2333 |    138863
                     mnwc_prod      902     2324     9869    27050    43749    19978     6819     4645     6819 |    122155
                                    493     1189     4857    10524    20110    30428    12102     4210     5973 |     89886
                                    334      941     3907     8078    12974    19571    26984     6763     6764 |     86316
                                    421      689     2030     5006     9018    10175    17256    21100     4284 |     69979
                                   2740     2100     6246    19768    44855    55311    62622    50430   312192 |    556264

                    SUM           16426    35084    92921   146888   157360   142553   129998    90732   344143 |   1156105

